	[48;2;112;23;34;38;2;0;0;0m    0  [0m[48;2;78;23;17;38;2;0;0;0m    2  [0m[48;2;78;123;17;38;2;0;0;0m    4  [0m[48;2;112;78;128;38;2;0;0;0m    1  [0m[48;2;78;23;117;38;2;0;0;0m    5  [0m[48;2;178;23;17;38;2;0;0;0m    3  [0m[48;2;78;93;17;38;2;0;0;0m    6  [0m
[frame]
	[48;2;112;23;34;38;2;0;0;0m    0  [0m[48;2;112;78;128;38;2;0;0;0m    1  [0m[48;2;78;123;17;38;2;0;0;0m    4  [0m[48;2;78;23;17;38;2;0;0;0m    2  [0m[48;2;78;23;117;38;2;0;0;0m    5  [0m[48;2;178;23;17;38;2;0;0;0m    3  [0m[48;2;78;93;17;38;2;0;0;0m    6  [0m
[frame]
	[48;2;112;23;34;38;2;0;0;0m    0  [0m[48;2;112;78;128;38;2;0;0;0m    1  [0m[48;2;78;23;17;38;2;0;0;0m    2  [0m[48;2;78;123;17;38;2;0;0;0m    4  [0m[48;2;78;23;117;38;2;0;0;0m    5  [0m[48;2;178;23;17;38;2;0;0;0m    3  [0m[48;2;78;93;17;38;2;0;0;0m    6  [0m
[frame]
	[48;2;112;23;34;38;2;0;0;0m    0  [0m[48;2;112;78;128;38;2;0;0;0m    1  [0m[48;2;78;23;17;38;2;0;0;0m    2  [0m[48;2;178;23;17;38;2;0;0;0m    3  [0m[48;2;78;23;117;38;2;0;0;0m    5  [0m[48;2;78;123;17;38;2;0;0;0m    4  [0m[48;2;78;93;17;38;2;0;0;0m    6  [0m
[frame]
	[48;2;112;23;34;38;2;0;0;0m    0  [0m[48;2;112;78;128;38;2;0;0;0m    1  [0m[48;2;78;23;17;38;2;0;0;0m    2  [0m[48;2;178;23;17;38;2;0;0;0m    3  [0m[48;2;78;123;17;38;2;0;0;0m    4  [0m[48;2;78;23;117;38;2;0;0;0m    5  [0m[48;2;78;93;17;38;2;0;0;0m    6  [0m
[frame]
